LEARNING_RATE = 0.02, DATASET_SIZE = 49001, EPOCHS = 100
LEARNING_RATE = 0.02, DATASET_SIZE = 49001, EPOCHS = 1
0.00156298594083637,0.06454886496067047,0.08991561830043793
LEARNING_RATE = 0.02, DATASET_SIZE = 49001, EPOCHS = 100
0.0002085362939396873,0.000725389807485044,0.0012970910174772143
